20
20
1
4
0.2
5

0
0
{(1,2),12,14)}
0
0
0
0
0
0
0
0
0
0
0
0
0
0
0
0
0

0
0
0
0
{(1,1),9,12)}
{(1,2),8,10)}
0
0
0
0
0
{(1,1),12,14)}
0
{(1,4),4,5)}
0
0
0
{(1,3),12,14)}
0
{(1,4),4,5)}

0
0
0
0
{(1,4),9,12)}
0
{(1,4),8,10)}
0
0
0
0
{(1,3),4,5)}
0
0
{(1,4),7,11)}
0
0
{(1,2),7,11)}
0
0

0
0
{(1,3),7,11)}
0
0
0
0
{(1,1),9,12)}
0
0
0
{(1,4),8,10)}
0
0
0
0
{(1,2),12,14)}
0
0
0

0
{(1,2),9,12)}
0
0
0
0
0
0
0
0
{(1,3),12,14)}
0
0
0
{(1,2),4,5)}
0
0
0
0
0

0
0
0
0
0
0
0
{(1,3),12,14)}
0
0
0
0
0
0
0
0
0
0
0
0

0
0
0
0
0
0
0
{(1,1),8,10)}
0
0
{(1,2),7,11)}
0
0
0
{(1,1),12,14)}
{(1,2),8,10)}
{(1,1),4,5)}
0
0
0

0
{(1,2),12,14)}
0
0
0
0
0
0
0
0
0
0
0
{(1,3),4,5)}
0
0
0
0
{(1,2),4,5)}
0

0
0
{(1,3),4,5)}
0
0
0
0
0
0
0
0
0
0
{(1,2),9,12)}
0
0
0
{(1,2),12,14)}
0
0

0
0
0
0
0
0
0
{(1,3),4,5)}
0
0
0
{(1,3),9,12)}
0
{(1,1),4,5)}
0
0
{(1,3),9,12)}
0
0
0

0
{(1,2),9,12)}
0
0
0
0
0
0
0
0
0
0
0
0
{(1,2),4,5)}
0
{(1,2),7,11)}
0
0
0

0
0
0
0
0
{(1,4),7,11)}
0
0
0
0
0
0
0
{(1,2),12,14)}
{(1,1),8,10)}
0
0
0
0
0

{(1,3),8,10)}
0
0
0
0
0
0
0
{(1,1),12,14)}
0
0
0
0
0
0
0
0
{(1,1),12,14)}
0
0

0
0
0
0
0
0
0
0
0
0
{(1,3),9,12)}
{(1,4),9,12)}
0
0
0
0
{(1,4),12,14)}
{(1,3),8,10)}
0
0

0
0
{(1,2),9,12)}
{(1,1),7,11)}
0
0
0
{(1,2),7,11)}
0
0
0
0
0
0
0
0
{(1,1),12,14)}
0
0
0

0
0
0
0
0
0
0
0
0
0
0
0
0
0
0
{(1,1),12,14)}
0
0
{(1,4),8,10)}
0

0
0
{(1,1),12,14)}
{(1,2),9,12)}
0
{(1,3),9,12)}
{(1,1),9,12)}
{(1,2),8,10)}
0
0
0
0
{(1,3),4,5)}
{(1,4),9,12)}
0
0
0
0
{(1,1),8,10)}
0

0
0
0
{(1,4),12,14)}
0
0
0
0
0
{(1,3),4,5)}
0
0
0
0
0
0
0
0
0
0

0
0
{(1,3),12,14)}
0
0
0
0
0
0
{(1,3),8,10)}
0
0
0
0
{(1,2),12,14)}
0
0
0
{(1,3),4,5)}
0

0
0
0
{(1,1),8,10)}
0
0
0
0
0
0
0
{(1,3),12,14)}
0
0
{(1,3),7,11)}
0
0
0
0
0

